id,Status_C,Status_CL,Status_D
7905,0.1930457606057776,0.019565079769861687,0.7873891596243607
7906,0.5837526256080715,0.22940147871917746,0.18684589567275092
7907,0.014108686920534515,0.0015175313779631629,0.9843737817015024
7908,0.9832324987521374,0.0004551269692907672,0.01631237427857193
7909,0.9157726805674214,0.012769854494780205,0.07145746493779832
7910,0.9958896235053345,7.523445467726314e-05,0.004035142039988267
7911,0.9942296556839016,0.0004368388870890437,0.00533350542900926
7912,0.1702041433105504,0.004466813947513915,0.8253290427419356
7913,0.0013796213874768216,5.6193350344947345e-06,0.9986147592774888
7914,0.7259700630368273,0.001399765166237978,0.2726301717969347
7915,0.859614203219384,0.0009927024405765228,0.13939309434003935
7916,0.5038204516172402,0.0006955506427605842,0.49548399773999924
7917,0.6794061076502078,0.06908192130080194,0.25151197104899015
7918,0.9766513534939932,0.003031648510362147,0.02031699799564483
7919,0.5348129754487689,0.3384239895848519,0.126763034966379
7920,0.9810199135309488,4.425403194855999e-05,0.018935832437102597
7921,0.8632624408263134,0.0010520251102932165,0.13568553406339331
7922,0.01317896336611903,0.00036287414425234,0.9864581624896286
7923,0.9089238664810779,0.00013757743354052594,0.09093855608538179
7924,0.6130895627755939,0.08551653654351583,0.3013939006808903
7925,0.002874394573020967,6.217571485818173e-05,0.9970634297121209
7926,0.9389332461739373,0.0005854314018781153,0.06048132242418456
7927,0.8576660661658374,0.0013093041813985453,0.14102462965276408
7928,0.045472493524422015,0.0008575165044628958,0.9536699899711151
7929,0.966124763434502,0.000953024381967471,0.032922212183530405
7930,0.1617274452319326,0.09473613293977462,0.7435364218282928
7931,0.9424009436188935,0.0002581931545444931,0.05734086322656199
7932,0.21583070211265465,0.0013591959235483956,0.7828101019637969
7933,0.7056217036447497,0.003270806993885612,0.2911074893613648
7934,0.992076309342132,5.2737979599660415e-05,0.007870952678268381
7935,0.9652768449344598,0.0006284566571991441,0.03409469840834122
7936,0.9492170715754985,0.0027998924115631547,0.0479830360129382
7937,0.4054743075097201,0.0040622944839983485,0.5904633980062814
7938,0.9876543034323064,0.00396142478879764,0.008384271778896033
7939,0.35527893911239844,0.015069493440110205,0.6296515674474913
7940,0.8862474592718421,0.025675136477308357,0.08807740425084953
7941,0.11482724174132578,0.0039594874914940575,0.8812132707671801
7942,0.9407636591297615,0.0007369498705690465,0.0584993909996695
7943,0.005559679857839437,0.0029825638170611615,0.9914577563250994
7944,0.9941568678574115,2.018877608763373e-05,0.005822943366500968
7945,0.8950786531851469,0.00018650139366374415,0.10473484542118924
7946,0.9542960080448308,0.0014169240003431866,0.04428706795482606
7947,0.9546793471970487,0.001188405145973858,0.04413224765697752
7948,0.06674129581379498,0.001038247294985792,0.9322204568912191
7949,0.017896225710519728,0.023324542896819716,0.9587792313926604
7950,0.9803219225219153,0.0007407994455777222,0.018937278032507034
7951,0.4170637401855589,0.07466752885676263,0.5082687309576784
7952,0.27526860145142334,0.04716890673646315,0.6775624918121136
7953,0.007494020327158634,0.00029551894215273483,0.9922104607306886
7954,0.8932333280020466,0.001323865059394532,0.10544280693855891
7955,0.18779648734125107,0.000987939390042246,0.8112155732687067
7956,0.004444190702773339,0.0014996554255460241,0.9940561538716806
7957,0.9443304699522574,0.0024070333564258006,0.05326249669131692
7958,0.007641593762123104,0.000470657661922075,0.9918877485759547
7959,0.3373448095345958,0.009871269484674034,0.6527839209807302
7960,0.1761055085904048,0.015876921418563266,0.8080175699910319
7961,0.9242418130865305,0.004042837531469562,0.07171534938200001
7962,0.08541522688756352,0.0002665455109565674,0.9143182276014798
7963,0.09668426722523438,0.06619916035953785,0.8371165724152277
7964,0.010848220799523734,0.0003153653435418823,0.9888364138569344
7965,0.9872646091666644,0.0004832320352154376,0.012252158798120262
7966,0.5689540945866386,0.0013340865403682317,0.4297118188729932
7967,0.920769794539668,0.006866696001814363,0.07236350945851752
7968,0.9922732382218791,0.00010920846896908107,0.007617553309151772
7969,0.07048953760569089,0.017288254320597298,0.9122222080737118
7970,0.9877709467451271,0.00010476881747389146,0.012124284437399038
7971,0.9840518664653444,0.00022982056986943728,0.015718312964786044
7972,0.5317509785128851,0.16202340281648586,0.30622561867062903
7973,0.9642692191384524,0.0010627255648056834,0.03466805529674192
7974,0.2122389392040193,0.05453259624677297,0.7332284645492076
7975,0.9739856701337019,0.003200097258916321,0.022814232607381746
7976,0.8560769110400227,0.0013212838768946256,0.14260180508308257
7977,0.9843464632125546,0.00012499888707445507,0.015528537900370929
7978,0.017144733545191165,0.003020460986643719,0.9798348054681651
7979,0.3369873575284372,0.01669829172783309,0.6463143507437298
7980,0.9729444900260265,0.00015022946596914593,0.026905280508004472
7981,0.8472487817690117,0.004019419582928148,0.14873179864806008
7982,0.9188314627663571,0.0030615372878594663,0.07810699994578359
7983,0.899372479636494,0.002327924940174283,0.09829959542333162
7984,0.055789066013070224,0.0029564905023393997,0.9412544434845903
7985,0.5427111590093189,0.0037349392278675448,0.4535539017628136
7986,0.051042448040183035,0.01965477550471519,0.9293027764551018
7987,0.3985375141617353,0.0014588129566307148,0.6000036728816339
7988,0.8727925635997945,0.004643293117804774,0.12256414328240055
7989,0.8918722555223669,0.0032799429611472196,0.10484780151648593
7990,0.4341597567661303,0.0024592255199651068,0.5633810177139046
7991,0.05394484065910826,0.004337973704026468,0.9417171856368652
7992,0.9803119839722766,0.0009652744373292094,0.018722741590394262
7993,0.8995242425232537,0.006457270472231858,0.0940184870045143
7994,0.984684937247206,0.0008244657267988823,0.014490597025995183
7995,0.897096378336222,0.0027394578467952444,0.10016416381698269
7996,0.009104467627798677,0.012561831847943569,0.9783337005242578
7997,0.8807205888763029,0.016193165130724385,0.10308624599297274
7998,0.0008195785552515943,3.467057230597651e-05,0.9991457508724425
7999,0.001248237027490168,2.776410521028911e-05,0.9987239988672997
8000,0.9207275944060385,0.008061924486525282,0.07121048110743604
8001,0.8598035244467606,0.001857465349838858,0.13833901020340056
8002,0.40928338884097376,0.10602400721744218,0.484692603941584
8003,0.6673926036172295,0.17405857869051342,0.15854881769225723
8004,0.32304758149324103,0.005332884043851791,0.6716195344629072
8005,0.8922417725788423,0.001083885542763559,0.10667434187839424
8006,0.8955371950458588,0.027241593293173532,0.07722121166096779
8007,0.7239765286594952,0.0004993633653048731,0.27552410797519983
8008,0.980852059541391,0.0007262037723177616,0.018421736686291178
8009,0.9508553767571485,0.0009110181832165073,0.04823360505963516
8010,0.9728025551012204,0.005931155846448183,0.02126628905233153
8011,0.9173037216195766,0.0006038302665964789,0.08209244811382696
8012,0.8671763387338312,0.0006494854681461441,0.1321741757980227
8013,0.054781751404636585,0.009049697454423944,0.9361685511409394
8014,0.9855818337112758,0.0027540610478983337,0.011664105240825857
8015,0.9524106828538843,0.0004977401978986687,0.04709157694821713
8016,0.9986374030720115,5.4567032887551096e-05,0.001308029895100831
8017,0.5452792264898028,0.0004704264424779526,0.4542503470677194
8018,0.7954777338079215,0.011397879075012381,0.19312438711706606
8019,0.985135512310697,0.001382544865036908,0.01348194282426613
8020,0.811346548617459,0.0032228966247557973,0.18543055475778525
8021,0.03616482986981571,0.0003709742393888626,0.9634641958907953
8022,0.11684143424599112,0.014827808960998848,0.8683307567930101
8023,0.6839529107885585,0.0196522184899623,0.29639487072147924
8024,0.9755592163539745,6.564312011805787e-05,0.02437514052590756
8025,0.061047198915628494,0.0040117468675596735,0.9349410542168118
8026,0.9868480058105642,0.00014815080586610125,0.013003843383569745
8027,0.9930995011508573,0.000438912522118349,0.006461586327024326
8028,0.01811338126525428,0.002649802883752116,0.9792368158509936
8029,0.06203415421736463,0.0020561445962961776,0.9359097011863392
8030,0.9961135757158881,9.445637040421756e-05,0.003791967913707821
8031,0.875355010608701,0.06354293776497102,0.0611020516263279
8032,0.94696330351319,0.00043769761038320147,0.0525989988764268
8033,0.1495130798506322,0.022922295069235023,0.8275646250801328
8034,0.5270940541006143,0.0113544446183896,0.46155150128099615
8035,0.9770820201323096,0.0010141750749429305,0.021903804792747388
8036,0.18391353091158125,0.8104254376451917,0.005661031443227135
8037,0.5032388670524977,0.024108502188856813,0.47265263075864544
8038,0.6042301009559483,0.004917004461558666,0.390852894582493
8039,0.018807935558952944,0.036197084461272136,0.9449949799797749
8040,0.4814002017842666,0.006463374078548884,0.5121364241371844
8041,0.039225671475464,0.0007932727028222838,0.9599810558217137
8042,0.026056382112352613,0.0011011659291958284,0.9728424519584516
8043,0.9845347010493916,0.0007558084793430297,0.014709490471265598
8044,0.021772169159343484,0.0004188418025081663,0.9778089890381484
8045,0.14552545290284188,0.2941387334344065,0.5603358136627516
8046,0.8032662199222997,0.0003585413063321092,0.19637523877136823
8047,0.9329601211218411,0.0017278485445140729,0.06531203033364479
8048,0.9496030640669236,0.0004402473120823346,0.04995668862099422
8049,0.5181758261195247,0.20271890032155454,0.27910527355892073
8050,0.36161473461777255,0.005072656116342329,0.6333126092658852
8051,0.02264683089246378,0.0003839762286109576,0.9769691928789254
8052,0.9946631561192602,0.0003424596679012172,0.004994384212838685
8053,0.01123556994262142,0.0019488534885883152,0.9868155765687903
8054,0.879693482944723,0.001208157261311725,0.11909835979396521
8055,0.34201986225920056,0.15575688015377784,0.5022232575870216
8056,0.9519664781376437,0.0024977598238235927,0.045535762038532684
8057,0.9083735475168845,0.00025240605302122694,0.09137404643009435
8058,0.9611874771839457,0.004098566734382175,0.03471395608167225
8059,0.7371544306142638,0.0007760224117827178,0.26206954697395346
8060,0.1662741616782781,0.11767387463570521,0.7160519636860166
8061,0.08087592275030187,0.02523057141276872,0.8938935058369295
8062,0.03173825172243357,0.0010977942197255754,0.9671639540578408
8063,0.9773206611907201,0.006156487092374804,0.016522851716905172
8064,0.032982342728672065,0.00907134512331914,0.9579463121480087
8065,0.8105919474347995,0.0035288754894845192,0.18587917707571608
8066,0.9815970262701866,0.0007358160145153492,0.017667157715298025
8067,0.0730033073908581,0.0055871857776409965,0.9214095068315009
8068,0.8250080313076528,0.014744473461163674,0.1602474952311834
8069,0.9004690565015645,0.002580822018397422,0.09695012148003819
8070,0.9888998808155456,0.0003775907029542437,0.010722528481500217
8071,0.8635375481233293,0.0015431700257927592,0.1349192818508779
8072,0.9622643669203839,0.0005145383513397848,0.03722109472827643
8073,0.9851206633186937,0.0004453649763047255,0.014433971705001472
8074,0.9667264892358184,0.0010333644715663456,0.03224014629261515
8075,0.9817386142323984,0.0022259447826973116,0.01603544098490452
8076,0.9761543573137683,0.00027333591695066225,0.023572306769281026
8077,0.05446683604365042,0.082097110461225,0.8634360534951245
8078,0.10866716418182087,0.002212402549388121,0.889120433268791
8079,0.9887354441849262,0.00021558477050543962,0.011048971044568413
8080,0.9490433832283748,0.004877612898441368,0.04607900387318385
8081,0.9801480931296411,0.00033382853022976536,0.01951807834012902
8082,0.9092803013506529,0.0027753736792199457,0.08794432497012707
8083,0.33304970912827114,0.052838549049920754,0.6141117418218082
8084,0.018365168105915246,0.0004464377174321935,0.9811883941766525
8085,0.9778387026018567,0.0011467314522944987,0.021014565945848784
8086,0.0010925633533904343,5.488468260130872e-05,0.9988525519640081
8087,0.8003245250135333,0.003816496854100353,0.1958589781323662
8088,0.11340265376597927,0.006318703809652807,0.8802786424243679
8089,0.06309044454900574,0.0007579576508958338,0.9361515978000984
8090,0.023150682591398405,0.0057425848755894415,0.971106732533012
8091,0.9851615304903348,0.000636114330855513,0.014202355178809623
8092,0.00209433871127152,4.300123751443871e-05,0.997862660051214
8093,0.9550764408105366,0.004807650862581771,0.04011590832688176
8094,0.08298047109801267,0.005976653767384587,0.9110428751346027
8095,0.42633158534931564,0.02951389190885136,0.5441545227418331
8096,0.31577568651476334,0.0020741594773380266,0.6821501540078986
8097,0.13878663509456624,0.0016418990965468149,0.859571465808887
8098,0.9387321703567744,0.0017925464191530386,0.05947528322407261
8099,0.8182895243609242,0.0007950311127700476,0.18091544452630573
8100,0.017526818071034442,9.359120444907287e-05,0.9823795907245165
8101,0.3103850777982973,0.03481283246304872,0.654802089738654
8102,0.8866418481933165,0.006357273633828205,0.1070008781728553
8103,0.2759297097048395,0.056103648481012444,0.6679666418141481
8104,0.6116937756609516,0.09430212174599252,0.2940041025930558
8105,0.0053586308701142355,5.029587561887058e-05,0.9945910732542669
8106,0.9890602499686327,0.0005619273438532502,0.010377822687514067
8107,0.005881526329226177,0.001403352445088157,0.9927151212256856
8108,0.9779870402012888,0.0023446639503356824,0.019668295848375397
8109,0.7155310754268576,0.0003258311131297653,0.28414309346001265
8110,0.9930400038938118,0.0040062942069629915,0.0029537018992253266
8111,0.7165989950586013,0.19708283993891096,0.08631816500248764
8112,0.7469954713037136,0.002825655520076942,0.2501788731762096
8113,0.0030329983238411014,0.002239527727773538,0.9947274739483853
8114,0.026097907874658502,0.023483574967702613,0.9504185171576388
8115,0.9890854184046912,0.0010115662999211736,0.009903015295387526
8116,0.823496530109262,0.09048466199273257,0.08601880789800546
8117,0.1861166163132069,0.004632639691498541,0.8092507439952946
8118,0.65647504298087,0.008405199862752868,0.33511975715637715
8119,0.6393980066362269,0.01168707441128877,0.3489149189524843
8120,0.9908679457730077,0.003457011056821916,0.005675043170170463
8121,0.3966293740247495,0.04083776136235349,0.562532864612897
8122,0.9973458226312549,1.2112369305973015e-05,0.002642064999439097
8123,0.9862446078176887,0.00010118089601124802,0.01365421128629979
8124,0.4704992903928831,0.11691170709674177,0.41258900251037506
8125,0.8716141485342688,0.00952637783125951,0.11885947363447173
8126,0.9641647366276571,0.002701572136345379,0.03313369123599744
8127,0.20968724797486582,0.0014441818023901351,0.7888685702227441
8128,0.6148199693784125,0.02809527486403222,0.35708475575755516
8129,0.9854449442888144,0.00711749443597352,0.007437561275212064
8130,0.5563994119751486,0.006984975599545519,0.43661561242530583
8131,0.012755107880502598,0.0041553585052499535,0.9830895336142474
8132,0.8506495003444854,0.017249697761139656,0.1321008018943749
8133,0.9694899216283769,0.00266221797816934,0.0278478603934538
8134,0.7309995895073682,0.022113910378506175,0.24688650011412572
8135,0.013773215647646869,0.0007794117755854143,0.9854473725767677
8136,0.005672271200420966,0.0008946710967164882,0.9934330577028625
8137,0.09862306024473697,0.000601191812073868,0.900775747943189
8138,0.09526709485269247,0.00531476303638328,0.8994181421109243
8139,0.025939428552554673,0.00017817936573101198,0.9738823920817143
8140,0.9101251621589076,0.002099286653387716,0.08777555118770473
8141,0.9783048062535699,0.0002911511772494483,0.021404042569180777
8142,0.9705551563392383,0.02130998188725415,0.008134861773507555
8143,0.9707194967269884,0.013941466089014865,0.015339037183996821
8144,0.14287005511748885,0.01622828426074657,0.8409016606217646
8145,0.9094886544571942,0.00040533654093442633,0.0901060090018713
8146,0.9655207903889007,0.0001687073194270471,0.03431050229167232
8147,0.30838770837596313,0.002494174575848203,0.6891181170481886
8148,0.9567837505598951,0.0003654500909500274,0.04285079934915502
8149,0.9961198810153921,0.0020781360477204777,0.00180198293688741
8150,0.9647225587096765,0.011595881258637555,0.023681560031685873
8151,0.06521609139865456,0.0013809431454182893,0.9334029654559273
8152,0.9647089532063581,0.00025973232125503634,0.035031314472386804
8153,0.8410897299255358,0.0009140911494485641,0.1579961789250157
8154,0.9685212514919319,0.00802351199477472,0.023455236513293398
8155,0.10974000352398955,0.003851284386534203,0.8864087120894762
8156,0.9930266929770709,0.0013591647509223522,0.0056141422720068015
8157,0.7412185119188397,0.00252917249366053,0.2562523155874998
8158,0.9940759312492792,0.0019044789684835328,0.004019589782237357
8159,0.4335619658644415,0.06564263386087701,0.5007954002746815
8160,0.7668139779972735,0.034095942899997164,0.1990900791027293
8161,0.9132026096454056,0.009346717410606803,0.07745067294398775
8162,0.19964882335241713,0.3331907800667731,0.4671603965808097
8163,0.19762472181275567,0.022548302608936973,0.7798269755783074
8164,0.43297678691330244,0.007469185178627599,0.55955402790807
8165,0.0022205617868511058,9.245514891124048e-05,0.9976869830642378
8166,0.5994139303903262,0.00018890352088136018,0.40039716608879244
8167,0.6731742898844842,0.05057568715167817,0.2762500229638375
8168,0.5715282702965784,0.0036386006860131786,0.42483312901740833
8169,0.7482037607357795,0.0005426736848949525,0.2512535655793253
8170,0.9027345295063097,0.006822606492165828,0.09044286400152446
8171,0.002019404947410895,7.221459708472727e-05,0.9979083804555043
8172,0.011904592698853423,0.0029393532173274638,0.9851560540838192
8173,0.6920060903274596,0.00219221309383874,0.3058016965787016
8174,0.9816234131812975,0.0001273200367148628,0.018249266781987444
8175,0.9891651138263716,0.0005771716369152115,0.010257714536713224
8176,0.8170543737652898,0.00015121020552417367,0.18279441602918603
8177,0.02659255283137938,0.002659225096255517,0.9707482220723651
8178,0.8311347454866037,0.021153762278484055,0.1477114922349123
8179,0.686682438937638,0.006585486394112308,0.30673207466824964
8180,0.23129523029524343,0.029268397833299188,0.7394363718714574
8181,0.10545842922664633,0.004443584237073113,0.8900979865362805
8182,0.9772640503909107,0.0014400540663397359,0.021295895542749466
8183,0.4471104888263588,0.00026114953925134965,0.5526283616343899
8184,0.9226341158467195,0.005853735242082765,0.07151214891119763
8185,0.9885206604637632,0.0015636218919893332,0.009915717644247533
8186,0.9674873603311714,0.0005529002652369293,0.03195973940359164
8187,0.05826516370269072,0.0015684418675586146,0.9401663944297506
8188,0.9150283021413969,0.003234738205971219,0.08173695965263181
8189,0.17891293212253,0.12015408609923564,0.7009329817782344
8190,0.013944380340321107,0.8992948774159668,0.08676074224371229
8191,0.9926478770002758,0.00015056388216132033,0.007201559117562842
8192,0.9803680716914152,0.00423455890973659,0.01539736939884809
8193,0.9596954185762909,0.00017393537544764206,0.04013064604826138
8194,0.8139735509269153,0.141963816950386,0.04406263212269875
8195,0.957101430095586,0.0003072506775169482,0.042591319226897066
8196,0.942263155764273,0.001655494222341559,0.05608135001338536
8197,0.8554260564556735,0.00022806240569706897,0.1443458811386296
8198,0.3935929580375109,0.04243138485304795,0.5639756571094412
8199,0.9673489249794894,0.0023095238978287956,0.030341551122681824
8200,0.9968469521541707,0.00012515515789277194,0.0030278926879366776
8201,0.021690997785607492,0.00017123084943868925,0.9781377713649538
8202,0.5863935677961796,0.006395545825173111,0.4072108863786473
8203,0.8230491206384183,0.0020871832597174626,0.17486369610186425
8204,0.1407557725502957,0.005276824204184806,0.8539674032455196
8205,0.7953577024492828,6.326310560677874e-05,0.2045790344451104
8206,0.2555779696316103,0.009066599885031227,0.7353554304833585
8207,0.9868281726721189,0.00016824528853523547,0.013003582039345884
8208,0.086506887346729,0.014678724163906906,0.898814388489364
8209,0.20621203211799388,0.0031597826713861453,0.79062818521062
8210,0.9248385897040622,0.00026965163269154774,0.07489175866324621
8211,0.42815935215819073,0.030354296672737632,0.5414863511690717
8212,0.9225583682049306,0.0004664298712012967,0.07697520192386813
8213,0.9664959331329335,0.007555771591348124,0.025948295275718347
8214,0.012467666467418318,0.0019341945667906753,0.985598138965791
8215,0.9741312069436961,0.019265748536559376,0.006603044519744412
8216,0.9585607552092638,0.0031941330907657383,0.03824511169997052
8217,0.7068408935853042,0.026211535209906857,0.2669475712047888
8218,0.051754134517679316,0.007993833448411756,0.940252032033909
8219,0.9919067191351123,0.0031077619922141356,0.004985518872673433
8220,0.9558136549804749,0.0002576560463369873,0.04392868897318824
8221,0.3727356077732916,0.0022265900073414166,0.625037802219367
8222,0.3172755808253879,0.0016279597576870973,0.6810964594169249
8223,0.7707016715182743,0.00611912648193179,0.22317920199979396
8224,0.7719680811828895,0.04835804911485305,0.17967386970225738
8225,0.13148345458306585,0.002001493601374027,0.8665150518155601
8226,0.003333358141736241,5.881182956895614e-05,0.9966078300286947
8227,0.9958029952127937,0.001305076598436807,0.0028919281887695297
8228,0.9703465291070634,0.002029803420387327,0.027623667472549393
8229,0.24612009878374516,0.0008678359638907234,0.7530120652523641
8230,0.3401727325781091,0.03306474196638322,0.6267625254555077
8231,0.8422410576000775,0.12703874320653913,0.030720199193383348
8232,0.8160083402951885,0.004202462047808993,0.17978919765700252
8233,0.028452399961563016,0.0017266690666963298,0.9698209309717406
8234,0.9800993862466009,0.003876800574084293,0.016023813179314762
8235,0.6406922000295918,0.010889277344341584,0.34841852262606654
8236,0.20902102142889048,0.051490044366771605,0.7394889342043379
8237,0.9657658850617532,0.008487227745938861,0.025746887192307878
8238,0.22569002424296927,0.0013937025701664457,0.7729162731868644
8239,0.04725022464838869,0.12437352173909724,0.828376253612514
8240,0.9470979803399701,0.011712004489843887,0.041190015170186015
8241,0.030246958517907988,0.00018565186030461447,0.9695673896217875
8242,0.6955898117769537,0.001116483898270589,0.30329370432477587
8243,0.6831299035701354,0.16416374027289463,0.15270635615696995
8244,0.9751594218065471,4.9032586380109874e-05,0.024791545607072932
8245,0.9846964850408266,0.002013886865185009,0.013289628093988214
8246,0.48952472306445727,0.007888284319009611,0.5025869926165332
8247,0.9901376089165174,0.0016263025203968,0.008236088563085811
8248,0.9912520667391929,0.0004224170301415969,0.008325516230665582
8249,0.763398160448873,0.00487072327991879,0.23173111627120818
8250,0.9732120471704563,0.0034141497404061383,0.023373803089137637
8251,0.7684543815139643,0.00034630031035271284,0.23119931817568282
8252,0.8771796245865254,0.0025372634050999793,0.12028311200837467
8253,0.9882024789602817,0.0017403581021913951,0.010057162937526917
8254,0.6802086109805167,0.004656424607911319,0.31513496441157196
8255,0.34417944939561623,0.007102882044621573,0.6487176685597622
8256,0.781519394743234,0.021987530630414465,0.19649307462635168
8257,0.8367638908493551,0.10761682415962573,0.05561928499101917
8258,0.001558372049874786,1.0634600563722703e-05,0.9984309933495614
8259,0.02892201075313964,0.0036939898508777185,0.9673839993959827
8260,0.9572229841865062,0.0005537006395059259,0.042223315173987946
8261,0.961482876446763,0.00038312535429562214,0.03813399819894156
8262,0.8717981087083422,0.000858276075592457,0.1273436152160653
8263,0.9571012697566943,0.0032633213686818607,0.03963540887462383
8264,0.8147839901079736,0.0002685063405562701,0.18494750355147008
8265,0.7602673704636203,0.015403536362219868,0.22432909317415986
8266,0.0014700641176716555,8.501349944189053e-05,0.9984449223828864
8267,0.9550268476441263,0.005907531250598732,0.03906562110527501
8268,0.9821230338258736,0.0010881480285374159,0.01678881814558887
8269,0.9268255886268987,0.003527419087986573,0.06964699228511467
8270,0.5675646513677588,0.04339197983506813,0.38904336879717316
8271,0.9755873713646273,0.002086045128760081,0.022326583506612888
8272,0.9788612061972907,7.985136957115516e-05,0.021058942433138137
8273,0.9172499670835501,0.05989030169849462,0.022859731217955225
8274,0.8512750278121157,0.02420636653766656,0.12451860565021769
8275,0.04858015215601584,0.03481730890631104,0.9166025389376731
8276,0.3783775018484303,0.00918492616507981,0.61243757198649
8277,0.9765554879583166,0.003189209867316211,0.02025530217436711
8278,0.8398631639000261,0.002821320291056938,0.15731551580891698
8279,0.8948123507881149,0.00019792943651262627,0.10498971977537233
8280,0.0050777415420020094,0.0021522812671291853,0.9927699771908688
8281,0.8470534003384647,0.013028204322999592,0.13991839533853564
8282,0.9881310608429368,0.005819698705762519,0.006049240451300772
8283,0.9506447956503363,0.0004395718467048033,0.048915632502958856
8284,0.9809822812356853,0.010963717812077103,0.008054000952237518
8285,0.07481217733617164,0.0006737745188177795,0.9245140481450105
8286,0.9977127182508645,0.0004084141032170944,0.001878867645918251
8287,0.8337607046649643,0.0015096732036450834,0.16472962213139059
8288,0.9886036430704013,0.0003622637236257899,0.011034093205972914
8289,0.6211157069987695,0.00595284407974895,0.37293144892148156
8290,0.19970174449525915,0.0028607279475706365,0.7974375275571703
8291,0.2883063315965807,0.0031502588449013806,0.7085434095585179
8292,0.7878000959285898,0.0026831064482550643,0.20951679762315523
8293,0.8488954348964886,0.000717144370444213,0.15038742073306738
8294,0.984794233511461,0.0010143789791871901,0.014191387509351833
8295,0.9900720186134604,0.00030596531474177344,0.009622016071797926
8296,0.8994798897022301,0.00048581878500209745,0.10003429151276756
8297,0.9164853902281171,0.0002503442648100478,0.08326426550707279
8298,0.9961458275565508,0.00026592078851835207,0.0035882516549307028
8299,0.9401084877488048,0.01098089947781214,0.048910612773382975
8300,0.8597293432313925,0.003213661047569375,0.13705699572103822
8301,0.725514446599679,0.002445253102571576,0.2720403002977494
8302,0.17119304894187368,0.02728559989547205,0.8015213511626542
8303,0.9512886486614066,0.00025301966990101644,0.04845833166869255
8304,0.005813410506862588,0.0026586820793981186,0.9915279074137393
8305,0.9707776677459987,0.0007564551727461332,0.02846587708125512
8306,0.9535810221176281,0.0008400806214154528,0.0455788972609566
8307,0.05023124499497099,8.299387600214492e-05,0.9496857611290268
8308,0.9016076063147922,8.217701070490557e-05,0.098310216674503
8309,0.043841713549849656,0.003552505683006227,0.9526057807671442
8310,0.9261611730394411,0.007921269790749634,0.06591755716980925
8311,0.9515277864054932,6.594565182411489e-05,0.048406267942682754
8312,0.9650777162844113,0.0023559505287902615,0.03256633318679854
8313,0.9951326532310345,0.0019662151337728148,0.0029011316351926354
8314,0.9759910884951974,0.001206527739711311,0.022802383765091395
8315,0.84492704525645,0.1307414888230811,0.024331465920468996
8316,0.9253267243822636,0.004891591407191658,0.06978168421054452
8317,0.9020624021186668,0.0036687744181134185,0.09426882346321963
8318,0.6247406278362939,0.021734038018636836,0.3535253341450691
8319,0.008881833102079292,0.003885243883140085,0.9872329230147806
8320,0.9318426203620036,0.0014687343558115237,0.0666886452821847
8321,0.8734618388758264,0.002622891331673865,0.12391526979249992
8322,0.4243459450724293,0.015255496514297003,0.5603985584132737
8323,0.0013094392082651826,0.00014059919902815278,0.9985499615927067
8324,0.007755439214505331,0.0018230327175996618,0.990421528067895
8325,0.9982379013861046,0.00021534889142898144,0.0015467497224664472
8326,0.977119118742492,0.005891295358709714,0.016989585898798124
8327,0.9886742615458041,0.003020751394791287,0.008304987059404585
8328,0.05255475979239213,4.0940055933568505e-05,0.9474043001516742
8329,0.9911315965069961,0.0005374141880040528,0.00833098930499995
8330,0.2529787521735579,0.006680026020145855,0.7403412218062962
8331,0.9889299861899372,0.00010508758186475337,0.010964926228198018
8332,0.5238552344284376,0.03984529145471764,0.43629947411684467
8333,0.924748445869773,0.00020058705881836574,0.07505096707140878
8334,0.9159218283864508,0.0012433116035772537,0.08283486000997191
8335,0.9808104951001055,0.00033755567255672176,0.018851949227337735
8336,0.2312930897431977,0.0038129733892609758,0.7648939368675414
8337,0.2723896027355217,0.002391826903235538,0.7252185703612427
8338,0.9832173465803762,0.0004846051920334243,0.01629804822759025
8339,0.47046561598679065,0.012991112806610678,0.5165432712065987
8340,0.9651761116163569,0.0057698359897253694,0.02905405239391791
8341,0.9462686072165701,0.0046566845073311505,0.0490747082760986
8342,0.991542076563217,0.0007433101303974225,0.007714613306385753
8343,0.7354207093100003,0.00851194129098821,0.25606734939901155
8344,0.027064924611025665,0.016558877049977626,0.9563761983389967
8345,0.9913531677928811,0.00014967265025872298,0.008497159556860201
8346,0.8923399458157653,0.0028132663104552327,0.10484678787377949
8347,0.6422898295634918,0.05802295771767371,0.2996872127188346
8348,0.22467656085143453,0.01929437869720393,0.7560290604513615
8349,0.990248398158332,0.00017405024589976792,0.009577551595768306
8350,0.6551137944893547,0.0013203196921054443,0.3435658858185399
8351,0.799235494044654,0.0018364312699856186,0.19892807468536036
8352,0.9413040856501393,0.0008672428391543173,0.05782867151070625
8353,0.008611345410736175,0.0006844042994757071,0.9907042502897881
8354,0.013444779524929312,0.013949076997876049,0.9726061434771947
8355,0.9936744574313985,0.00017314611352477996,0.006152396455076866
8356,0.8368338799605594,0.0018945824638969524,0.16127153757554374
8357,0.0866797901796611,0.0023214212427471294,0.9109987885775916
8358,0.008670058548257852,0.006679217577526141,0.984650723874216
8359,0.9882475847593433,0.00020973159132372499,0.011542683649332995
8360,0.9438104685180503,0.0009910460842901803,0.05519848539765935
8361,0.3062328828645637,0.0014055671368866705,0.6923615499985497
8362,0.9054822220724894,0.0027141210096124856,0.09180365691789812
8363,0.5610367122032693,0.002250796320556863,0.4367124914761738
8364,0.974721188358459,0.002605310014145181,0.022673501627395638
8365,0.9488539733052992,0.0007003598088653229,0.05044566688583551
8366,0.4210713840942432,0.002215846279662794,0.576712769626094
8367,0.930918485421168,0.0018671523671777504,0.06721436221165436
8368,0.9285252529329825,0.0016859444401659724,0.06978880262685169
8369,0.615140159505277,0.0018744095274291046,0.3829854309672939
8370,0.8772767802641291,0.0007974251063199445,0.12192579462955092
8371,0.7971295184760848,0.005092487196023982,0.1977779943278912
8372,0.0014798259204898303,5.54722876720271e-05,0.998464701791838
8373,0.039400408468373296,0.0035885811832104143,0.9570110103484163
8374,0.10074545805204255,0.0009542229275039822,0.8983003190204536
8375,0.9942324186470124,0.0005558164781390528,0.005211764874848763
8376,0.301435193382435,0.005495189130012458,0.6930696174875526
8377,0.8900975074209431,0.0025531234821890157,0.10734936909686799
8378,0.9542112936349377,0.020464206783984733,0.02532449958107768
8379,0.9716504490576867,0.00020721376440228505,0.028142337177910915
8380,0.6475253393142747,0.0010703210925472684,0.351404339593178
8381,0.9742575917763734,0.0016136243467222602,0.024128783876904404
8382,0.9076816397955937,0.0007641589708591613,0.09155420123354714
8383,0.9874522960869858,0.0008776131650434618,0.011670090747970607
8384,0.9512673686215248,0.0005669426291829086,0.048165688749292314
8385,0.1123012809300007,0.10712242551538803,0.7805762935546113
8386,0.3808414607272779,0.012505285771121826,0.6066532535016003
8387,0.9648797153373045,0.00040680181533817597,0.03471348284735729
8388,0.8361170867308885,0.0008154359751360541,0.16306747729397564
8389,0.7882047390430562,0.04425105121200393,0.1675442097449399
8390,0.016294543751954133,0.001300655242484303,0.9824048010055615
8391,0.8546918052347049,0.015097168210716723,0.13021102655457834
8392,0.8976845236654779,0.011270339279330877,0.0910451370551912
8393,0.995861580423682,0.0001792571066067744,0.003959162469711097
8394,0.8330177817188075,0.008471129678416033,0.15851108860277643
8395,0.3106425182556931,0.0044838714451277024,0.6848736102991793
8396,0.8945795767328806,0.024738200228624652,0.08068222303849489
8397,0.9621677125045824,0.0004930428396440682,0.03733924465577352
8398,0.9677640945312145,0.0004914137800142298,0.03174449168877125
8399,0.8900335519237476,0.013912930385237275,0.09605351769101517
8400,0.002810595745732874,0.00022499568758947494,0.9969644085666776
8401,0.6982751017754903,0.08819663492592543,0.21352826329858424
8402,0.1650239968345221,0.013123186000497916,0.8218528171649799
8403,0.021827051972295466,0.02405564998804734,0.9541172980396573
8404,0.7070812202129713,0.0007239654291639647,0.2921948143578648
8405,0.035396528829123725,0.0008515015263426069,0.9637519696445337
8406,0.9507793082686705,0.0001067663762567481,0.04911392535507283
8407,0.9666609118559876,0.0035707690812017225,0.029768319062810706
8408,0.9541198231720701,0.001310472922470004,0.04456970390545989
8409,0.050507489749036724,0.0006337700423173303,0.948858740208646
8410,0.5061026507948616,0.11695262346031009,0.3769447257448283
8411,0.9501317663326676,0.00044564095487388864,0.04942259271245858
8412,0.002761024147838571,0.0007718009309557587,0.9964671749212057
8413,0.0010054639107665512,0.0007900865732742483,0.9982044495159591
8414,0.9584917736318217,0.0005714704856622435,0.040936755882515954
8415,0.9786443582375036,0.00039598264007065557,0.020959659122425818
8416,0.9478139331254262,0.001578374953078186,0.050607691921495605
8417,0.4816577119183981,0.0018425792338090587,0.5164997088477927
8418,0.8525437894673786,0.019297070534704114,0.12815913999791717
8419,0.017454441816854977,0.036570405684383155,0.9459751524987617
8420,0.9104044454026264,0.0003916732221893233,0.08920388137518416
8421,0.12469065804855714,0.0018155194157112354,0.8734938225357315
8422,0.9898951185547171,0.0007541952097291102,0.009350686235553917
8423,0.9948954486725882,0.0010676501437585273,0.004036901183653262
8424,0.39291420586973047,0.004945027021792881,0.6021407671084765
8425,0.9461244774710921,0.0010621623546961324,0.05281336017421175
8426,0.03874757632759403,0.014926861776106646,0.9463255618962992
8427,0.6612293908530154,0.09053067351593223,0.24823993563105237
8428,0.9894515177294614,0.0001312602760400902,0.010417221994498585
8429,0.9834537951433102,0.00047132346280772953,0.016074881393881964
8430,0.9756463270701502,0.0012743822957309683,0.02307929063411891
8431,0.11704030987880511,0.0017817110531379117,0.881177979068057
8432,0.2872633592713967,0.01807116392642567,0.6946654768021777
8433,0.9616239743814566,0.0026919147455226897,0.03568411087302053
8434,0.014765403316869872,0.005188941834337385,0.9800456548487927
8435,0.9874539121035323,7.857101234048678e-05,0.01246751688412722
8436,0.8743397323337954,0.013827802731420378,0.11183246493478433
8437,0.038137369909500084,0.0028748082673014717,0.9589878218231984
8438,0.9790510922222799,0.005260182430054968,0.015688725347665154
8439,0.37405889889005545,0.005111840784982102,0.6208292603249624
8440,0.9494741511191985,0.019631190816672132,0.030894658064129173
8441,0.23720531711370055,0.000630696728803101,0.7621639861574965
8442,0.9674926872041154,0.001678481384335118,0.030828831411549358
8443,0.962239568955683,0.00046978524268204375,0.037290645801634936
8444,0.951721372683228,0.012780989574096163,0.035497637742675954
8445,0.9858259533988039,0.009797215402242673,0.004376831198953432
8446,0.79909206469213,0.0020412576872027503,0.19886667762066726
8447,0.0493512147773407,0.015698287598419586,0.9349504976242397
8448,0.9696336978068728,0.00026422185327384804,0.030102080339853406
8449,0.6134160623373454,0.10132799260478953,0.28525594505786506
8450,0.5798942742810779,0.01128889514378049,0.4088168305751417
8451,0.9741123497561751,0.001735561849901514,0.024152088393923493
8452,0.997989387773667,0.00010499339982096615,0.0019056188265120855
8453,0.8649776135759925,0.0050353896821877025,0.12998699674181993
8454,0.37060539182448765,0.007971785885625944,0.6214228222898864
8455,0.1586048806405162,0.00015025086411607022,0.8412448684953677
8456,0.5950290788785766,0.004471265821905982,0.40049965529951753
8457,0.9654289545743147,0.0026099447613125858,0.03196110066437275
8458,0.7068665365091249,0.014557847565264305,0.2785756159256107
8459,0.9707622814389237,0.0015331202726796514,0.027704598288396515
8460,0.9696167842124059,0.003982069041101767,0.026401146746492316
8461,0.0258835757096587,0.018626100734126114,0.9554903235562152
8462,0.9327463967908685,0.0016553129477512227,0.06559829026138037
8463,0.16477292822921005,0.002271106659498827,0.8329559651112911
8464,0.9672284342058752,0.008853954264561315,0.023917611529563378
8465,0.3031136705679984,0.0008552974916119063,0.6960310319403897
8466,0.9752050999392726,0.0064697708264712574,0.018325129234256075
8467,0.9836358733507395,0.00023204272324022103,0.016132083926020408
8468,0.2838584454260779,0.05751797869442841,0.6586235758794937
8469,0.09318417761085838,0.015190657522191524,0.89162516486695
8470,0.8277759256651247,0.009878816701006548,0.16234525763386867
8471,0.9634332355379318,0.0004365649175048852,0.036130199544563174
8472,0.9730038700944228,0.005622533049672878,0.021373596855904276
8473,0.9936222284894811,0.0006823896887579278,0.005695381821760736
8474,0.9406053299505528,0.01672440798568261,0.0426702620637647
8475,0.021524644968299946,0.00020934985976565174,0.9782660051719343
8476,0.863087510294364,0.00029228224326696564,0.13662020746236903
8477,0.5828235142742918,0.3096575711535059,0.10751891457220233
8478,0.9735523208633905,0.0035830176345653794,0.022864661502044237
8479,0.8943297648348466,0.005363422277964007,0.10030681288718939
8480,0.9747457278416293,0.0008204214661374677,0.0244338506922331
8481,0.9970996370596065,0.0005201759634668166,0.002380186976926666
8482,0.48881669094223484,0.0009382824232795219,0.5102450266344857
8483,0.1085768008829616,0.0037496587425718845,0.8876735403744667
8484,0.9436560854343329,0.00447999796787933,0.051863916597787815
8485,0.9851964366198233,0.0008113482744820228,0.013992215105694709
8486,0.05419814594168731,0.001708855671484168,0.9440929983868285
8487,0.9280037104941525,0.003418862110434823,0.06857742739541269
8488,0.9921824071202711,0.0003555533993198594,0.007462039480408948
8489,0.7535845378915601,0.0005659092441974929,0.2458495528642424
8490,0.1196764378677695,0.0031963894542765387,0.8771271726779539
8491,0.0355240684374323,0.0002416834520781328,0.9642342481104895
8492,0.9456097833859223,0.01208643413323452,0.04230378248084331
8493,0.8457519699555294,0.0007418530045734487,0.15350617703989705
8494,0.901442720872467,0.0003887016593502496,0.0981685774681827
8495,0.979387149092242,0.002536193281941366,0.018076657625816474
8496,0.9268895159983904,0.009649889738722847,0.06346059426288674
8497,0.9865111993604831,0.0005493111392909061,0.012939489500225818
8498,0.030567291315141912,0.0009354830443080582,0.96849722564055
8499,0.9734359843860215,0.0013926734142214463,0.025171342199757016
8500,0.9042131081600754,0.01634070691868357,0.07944618492124111
8501,0.8246343042939765,0.0013149891587288978,0.17405070654729465
8502,0.01560701574353346,0.00014675241150143234,0.9842462318449651
8503,0.9059010268816444,0.020723818293614717,0.07337515482474072
8504,0.01094492162165487,0.0004743018354772518,0.988580776542868
8505,0.9649566035911403,0.000168921559726021,0.03487447484913356
8506,0.9904937595462443,0.00021575134449504106,0.009290489109260556
8507,0.8633969068231677,0.00022755325932586901,0.1363755399175065
8508,0.756266135649864,0.0008854879471478402,0.2428483764029882
8509,0.9725690467830386,0.001064385845336106,0.026366567371625373
8510,0.862059289565831,0.015024251833207238,0.1229164586009617
8511,0.9692041408903653,0.002949072232103999,0.027846786877530668
8512,0.021921366586211608,0.0016692457753963814,0.976409387638392
8513,0.6249110144768192,0.03705397218044991,0.3380350133427309
